tlist_last = 6.5973445725385655
GAMMA = 1.0
dt = 0.03315248528913852
nchannels = 1
NCHANNELS0 = 1
tspan = "(0.0, 6.5973445725385655)"
tf = 6.5973445725385655
ntraj = 1000000
t = 100
cfield = "10.0 + 0.0im"
u0 = "[0.0, 0.0, 1.0]"
nworkers = 4
nops = 3
OMEGA = 10.0
NLEVELS = 2
ntimes = 200
psi0 = "ComplexF64[0.0 + 0.0im, 1.0 + 0.0im]"
tlist_first = 0.0
